Maneuver Error Summary Generated 07-Feb-2013 19:30:31
SBoxMargin =     0.00 asec, 3-sig init roll uncer =    30.00 asec

 obsid MaxErrYZ Seg start_time            stop_time             ssss    angle    X-axis    Y-axis    Z-axis     initQ1      initQ2      initQ3      initQ4       finalQ1     finalQ2     finalQ3     finalQ4     iru-X    iru-Y    iru-Z    aber-X   aber-Y   aber-Z   del-Y    del-Z    delYZ   iruadjYZ totadjYZ syserr.Y syserr.Z ranerr.Y ranerr.Z
 13276    20.31  0  2013:042:07:28:28.811 2013:042:07:47:08.280 -+-+   34.959 -0.332576  0.614043  0.715782  -0.56498658  0.34723834  0.74602887  0.06047005   0.60787932 -0.38930345 -0.65506262  0.22320063     0.00    -0.00     0.00     5.99    -6.90    -6.88     0.00     0.00     0.00     0.00     9.74     6.90     6.88    13.41     9.27
 14962    33.02  0  2013:042:16:13:45.811 2013:042:16:44:05.980 ----   87.013  0.011472 -0.984023  0.177669   0.60787932 -0.38930345 -0.65506262  0.22320063   0.04872333  0.51309065  0.85653999  0.02651906    -0.00     0.00     0.00    -4.60    27.37    -0.80     0.00     0.00     0.00     0.00    27.38   -27.37     0.80     5.65    29.42
 15611    42.76  0  2013:043:01:46:55.980 2013:043:02:14:55.835 ++++   76.489 -0.217307  0.824026 -0.523220   0.04872333  0.51309065  0.85653999  0.02651906  -0.56839335  0.31705714  0.75798943  0.04307894     0.00    -0.00     0.00    12.40   -14.14    16.11     0.00     0.00     0.00     0.00    21.43    14.14   -16.11    11.15    26.65
 53954     0.30  0  2013:043:09:38:52.152 2013:043:09:42:52.152 ++++    0.000  0.478852 -0.877896  0.000000  -0.56839335  0.31705714  0.75798943  0.04307894  -0.56839335  0.31705714  0.75798943  0.04307894     0.00     0.00     0.00    -0.00     0.00    -0.00     0.00     0.00     0.00     0.00     0.00    -0.00     0.00     0.30     0.30
 53953    30.70  0  2013:043:10:45:09.998 2013:043:11:11:41.000 ----   69.825  0.183025 -0.932338  0.311845  -0.56839335  0.31705714  0.75798943  0.04307894  -0.00053348  0.41785244  0.89934368  0.12876335    -0.00     0.00     0.00   -13.06    18.57     0.91     0.00     0.00     0.00     0.00    18.59   -18.57    -0.91    12.14    25.13
 53952    23.68  0  2013:043:12:39:31.000 2013:043:13:15:13.678 -++-  111.201  0.880292  0.007582  0.474372  -0.00053348  0.41785244  0.89934368  0.12876335  -0.25115156 -0.89031781 -0.25498530  0.28149525    -0.00    -0.00     0.00   -11.84    -0.14    -6.41     0.00     0.00     0.00     0.00     6.41     0.14     6.41    13.00    17.27
 53951    21.94  0  2013:043:14:00:30.767 2013:043:14:33:47.840 -++-  100.280  0.870325  0.032934  0.491375  -0.25115156 -0.89031781 -0.25498530  0.28149525  -0.30227579 -0.63911631  0.53120330  0.46688622    -0.00    -0.00     0.00     9.92     0.67     5.85     0.00     0.00     0.00     0.00     5.89    -0.67    -5.85    13.49    16.09
 53950    28.71  0  2013:043:15:30:21.050 2013:043:16:15:44.305 +-++  154.744 -0.864231 -0.008935 -0.503015  -0.30227579 -0.63911631  0.53120330  0.46688622  -0.14148073 -0.74014252 -0.64938641  0.10232075    -0.00     0.00     0.00    -6.70     0.24    -3.99     0.00     0.00     0.00     0.00     3.99    -0.24     3.99     6.89    24.72
 53949    12.97  0  2013:043:16:35:52.081 2013:043:16:59:28.152 +--+   56.705 -0.868520 -0.022051 -0.495163  -0.14148073 -0.74014252 -0.64938641  0.10232075  -0.00053348  0.41785244  0.89934368  0.12876335    -0.00     0.00    -0.00     8.52     0.29     4.69     0.00     0.00     0.00     0.00     4.70    -0.29    -4.69    12.68     5.27
 53948    25.63  0  2013:043:18:27:18.152 2013:043:19:04:08.408 -++-  116.269  0.873647  0.019429  0.486173  -0.00053348  0.41785244  0.89934368  0.12876335  -0.25295001 -0.89023500 -0.21790627  0.30986256    -0.00    -0.00     0.00   -12.26    -0.13    -6.73     0.00     0.00     0.00     0.00     6.73     0.13     6.73    12.35    18.91
 13788    26.41  0  2013:043:19:16:19.873 2013:043:19:37:12.846 -+++   44.362  0.173146  0.984805  0.013393  -0.25295001 -0.89023500 -0.21790627  0.30986256  -0.13745969 -0.72211298 -0.23606652  0.63555509     0.00    -0.00     0.00   -14.11     1.23    -5.73     0.00     0.00     0.00     0.00     5.86    -1.23     5.73     1.21    20.68
 15340    33.36  0  2013:044:01:08:22.846 2013:044:01:38:53.227 +-++   87.779 -0.464375 -0.189704 -0.865083  -0.13745969 -0.72211298 -0.23606652  0.63555509   0.09835596 -0.61043913 -0.76568834  0.17723303    -0.00     0.00    -0.00     9.26     4.89    11.95     0.00     0.00     0.00     0.00    12.91    -4.89   -11.95    28.47     5.91
 13919    42.65  0  2013:044:02:16:43.227 2013:044:02:52:37.264 ++++  112.053 -0.044152  0.400366 -0.915291   0.09835596 -0.61043913 -0.76568834  0.17723303  -0.76604942  0.17958251  0.55209840  0.27587273     0.00     0.00     0.00     7.80    -2.45    29.85     0.00     0.00     0.00     0.00    29.95     2.45   -29.85    24.72    12.80
 15272    51.15  0  2013:044:09:20:27.264 2013:044:09:51:43.434 +-+-   91.213 -0.014947 -0.998963 -0.042997  -0.76604942  0.17958251  0.55209840  0.27587273  -0.15028602 -0.10071989  0.92649496  0.32996471    -0.00     0.00     0.00   -20.66     1.22    21.20     0.00     0.00     0.00     0.00    21.24    -1.22   -21.20     1.77    29.94
 14032    41.04  0  2013:044:18:16:13.434 2013:044:18:42:26.494 -+-+   68.480 -0.023305  0.999444 -0.023829  -0.15028602 -0.10071989  0.92649496  0.32996471  -0.64822566  0.08812612  0.67566729  0.33986910     0.00    -0.00     0.00    19.30    -0.21    13.13     0.00     0.00     0.00     0.00    13.14     0.21   -13.13     0.37    27.90
 15612    41.00  0  2013:045:02:35:44.034 2013:045:03:01:57.094 +-+-   68.480  0.023305 -0.999444  0.023829  -0.64822566  0.08812612  0.67566729  0.33986910  -0.15028602 -0.10071989  0.92649496  0.32996471    -0.00     0.00     0.00   -19.30     0.77    13.11     0.00     0.00     0.00     0.00    13.14    -0.77   -13.11     1.15    27.88
 15285    15.97  0  2013:045:11:56:11.634 2013:045:12:25:20.655 -++-   81.677  0.873732  0.027752  0.485615  -0.15028602 -0.10071989  0.92649496  0.32996471   0.02602898  0.50687061  0.86054956  0.04311779    -0.00    -0.00     0.00    -7.39    -0.36    -4.26     0.00     0.00     0.00     0.00     4.27     0.36     4.26    13.80    11.71
 13748    41.52  0  2013:045:13:36:30.655 2013:045:14:03:53.707 ++++   73.729 -0.228343  0.834599 -0.501303   0.02602898  0.50687061  0.86054956  0.04311779  -0.56839335  0.31705714  0.75798943  0.04307894     0.00    -0.00     0.00    12.66   -13.44    15.01     0.00     0.00     0.00     0.00    20.15    13.44   -15.01    10.33    26.51
 53947     0.30  0  2013:046:00:20:47.243 2013:046:00:24:47.243 ++++    0.000  0.478852 -0.877896  0.000000  -0.56839335  0.31705714  0.75798943  0.04307894  -0.56839335  0.31705714  0.75798943  0.04307894     0.00     0.00     0.00    -0.00     0.00    -0.00     0.00     0.00     0.00     0.00     0.00    -0.00     0.00     0.30     0.30
 53946    38.20  0  2013:046:00:29:17.243 2013:046:00:55:44.447 ----   69.540  0.242679 -0.769647  0.590551  -0.56839335  0.31705714  0.75798943  0.04307894   0.02146776 -0.53786539 -0.84275483  0.00206511    -0.00     0.00     0.00   -11.67    17.95    -7.91     0.00     0.00     0.00     0.00    19.62   -17.95     7.91    20.24    18.84
 53945     0.31  0  2013:046:01:16:49.081 2013:046:01:20:49.081 +-+-    0.071  0.027365 -0.706673 -0.707011   0.02146776 -0.53786539 -0.84275483  0.00206511   0.02133356 -0.53787111 -0.84275585  0.00145621    -0.00     0.00    -0.00     0.01     0.01     0.01     0.00     0.00     0.00     0.00     0.02    -0.01    -0.01     0.30     0.30
 53944     6.50  0  2013:046:03:00:22.486 2013:046:03:14:10.417 --+-   18.316  0.767333 -0.424620  0.480519   0.02133356 -0.53787111 -0.84275585  0.00145621  -0.07685169 -0.63566898 -0.76765440  0.02693480    -0.00    -0.00     0.00    -2.35     1.47    -1.72     0.00     0.00     0.00     0.00     2.26    -1.47     1.72     5.03     3.46
 53943    27.41  0  2013:046:04:42:02.571 2013:046:05:30:17.154 +--+  167.594 -0.887228 -0.000941 -0.461330  -0.07685169 -0.63566898 -0.76765440  0.02693480  -0.25875637 -0.57313901  0.65591043  0.41753841    -0.00     0.00     0.00     5.97    -0.30     3.14     0.00     0.00     0.00     0.00     3.16     0.30    -3.14     3.04    24.27
 53942    27.42  0  2013:046:06:41:30.491 2013:046:07:29:45.074 -++-  167.594  0.887228  0.000941  0.461330  -0.25875637 -0.57313901  0.65591043  0.41753841  -0.07685169 -0.63566898 -0.76765440  0.02693480    -0.00     0.00     0.00    -5.98    -0.29    -3.14     0.00     0.00     0.00     0.00     3.15     0.29     3.14     2.94    24.28
 53941     6.23  0  2013:046:09:02:23.783 2013:046:09:16:11.714 ++-+   18.316 -0.767333  0.424620 -0.480519  -0.07685169 -0.63566898 -0.76765440  0.02693480   0.02133356 -0.53787111 -0.84275585  0.00145621     0.00     0.00    -0.00     2.36    -1.51     1.66     0.00     0.00     0.00     0.00     2.24     1.51    -1.66     4.05     4.57
 15381    29.02  0  2013:046:11:18:47.925 2013:046:12:02:47.742 -+--  148.486  0.837127 -0.009413  0.546928   0.02133356 -0.53787111 -0.84275585  0.00145621  -0.28379120 -0.83628739  0.20506455  0.42194133    -0.00     0.00     0.00    -5.14    -0.97    -3.72     0.00     0.00     0.00     0.00     3.85     0.97     3.72     9.02    25.30
 15035    23.45  0  2013:046:17:51:45.243 2013:046:18:32:03.501 +-++  131.869 -0.861470 -0.003440 -0.507797  -0.28379120 -0.83628739  0.20506455  0.42194133  -0.05922203 -0.63522957 -0.76894198  0.04128406    -0.00     0.00     0.00     2.79     0.03     1.64     0.00     0.00     0.00     0.00     1.64    -0.03    -1.64    11.50    21.81
 15316    28.15  0  2013:047:02:56:33.501 2013:047:03:33:38.771 +-++  117.395 -0.843244  0.031865 -0.536586  -0.05922203 -0.63522957 -0.76894198  0.04128406  -0.25166090 -0.19795753  0.87772966  0.35646914    -0.00     0.00     0.00    12.28     0.07     7.48     0.00     0.00     0.00     0.00     7.48    -0.07    -7.48    13.12    20.67
 14459    36.04  0  2013:047:14:28:08.771 2013:047:15:14:10.333 -+--  157.617  0.850205 -0.008878  0.526377  -0.25166090 -0.19795753  0.87772966  0.35646914  -0.15388954 -0.82048362 -0.52172109  0.17587422    -0.00     0.00     0.00   -16.81     0.60   -10.30     0.00     0.00     0.00     0.00    10.32    -0.60    10.30     6.46    25.74
 15365    36.34  0  2013:047:20:35:20.334 2013:047:21:09:46.786 ++++  105.484 -0.057569  0.949015 -0.309930  -0.15388954 -0.82048362 -0.52172109  0.17587422   0.49524668 -0.37793680 -0.51307071  0.59046841     0.00    -0.00     0.00   -11.31   -28.64    -8.23     0.00     0.00     0.00     0.00    29.79    28.64     8.23     6.89    28.12
 15363    41.97  0  2013:048:00:17:36.786 2013:048:00:54:29.963 +++-  116.488  0.569127 -0.058392 -0.820174   0.49524668 -0.37793680 -0.51307071  0.59046841  -0.78448898  0.13113329  0.52351272  0.30547590     0.00    -0.00     0.00   -15.19    -0.28    20.15     0.00     0.00     0.00     0.00    20.15     0.28   -20.15    20.58    21.82
 14645    42.85  0  2013:048:03:45:39.963 2013:048:04:24:49.001 ---+  126.678 -0.580984  0.056402  0.811958  -0.78448898  0.13113329  0.52351272  0.30547590   0.44185002 -0.37167192 -0.48511204  0.65673042     0.00     0.00     0.00    16.63    -3.26   -21.60     0.00     0.00     0.00     0.00    21.85     3.26    21.60    21.11    21.25
 14887    20.15  0  2013:048:05:52:39.001 2013:048:06:13:40.788 +++-   45.022  0.534314 -0.317667 -0.783324   0.44185002 -0.37167192 -0.48511204  0.65673042   0.59499417 -0.38995183 -0.62281143  0.32561546     0.00    -0.00    -0.00    -5.59     4.38     9.72     0.00     0.00     0.00     0.00    10.66    -4.38    -9.72    15.13    10.43
 15610    25.78  0  2013:048:09:23:16.001 2013:048:09:44:33.131 +-+-   46.181  0.287099 -0.553395 -0.781875   0.59499417 -0.38995183 -0.62281143  0.32561546  -0.56839335  0.31705714  0.75798943  0.04307894    -0.00    -0.00    -0.00    -6.55     7.08    11.73     0.00     0.00     0.00     0.00    13.70    -7.08   -11.73    15.46    14.05
 53940     0.30  0  2013:048:16:23:19.108 2013:048:16:27:19.108 ++++    0.000  0.478852 -0.877896  0.000000  -0.56839335  0.31705714  0.75798943  0.04307894  -0.56839335  0.31705714  0.75798943  0.04307894     0.00     0.00     0.00     0.00     0.00    -0.00     0.00     0.00     0.00     0.00     0.00    -0.00     0.00     0.30     0.30
 53939    38.36  0  2013:048:16:31:49.108 2013:048:16:58:23.322 ----   70.066  0.234561 -0.768207  0.595683  -0.56839335  0.31705714  0.75798943  0.04307894   0.01692950 -0.53704137 -0.84335204  0.00756893    -0.00     0.00     0.00   -12.04    17.99    -7.48     0.00     0.00     0.00     0.00    19.49   -17.99     7.48    20.36    18.90
 53938     3.43  0  2013:048:17:03:03.322 2013:048:17:11:41.891 +-+-    6.459 -0.207959 -0.863303 -0.459849   0.01692950 -0.53704137 -0.84335204  0.00756893   0.01028938  0.52623786  0.84932381  0.04021083    -0.00     0.00    -0.00     0.82     1.05     0.52     0.00     0.00     0.00     0.00     1.17    -1.05    -0.52     1.61     2.91
 53937    30.17  0  2013:048:18:58:59.061 2013:048:19:23:13.000 -+-+   59.545  0.532950  0.609245  0.587184   0.01028938  0.52623786  0.84932381  0.04021083   0.08393434 -0.69070720 -0.61278732  0.37466023     0.00    -0.00     0.00   -11.60    -7.36    -9.78     0.00     0.00     0.00     0.00    12.24     7.36     9.78    10.39    20.39
 53936     8.31  0  2013:048:20:56:43.521 2013:048:21:10:14.546 ----   17.514  0.383979 -0.650932  0.654864   0.08393434 -0.69070720 -0.61278732  0.37466023  -0.02473075 -0.76397440 -0.53623228  0.35803136    -0.00     0.00     0.00     1.74     2.04    -2.68     0.00     0.00     0.00     0.00     3.37    -2.04     2.68     6.27     5.53
 53935     8.29  0  2013:048:21:37:04.984 2013:048:21:50:36.009 ++++   17.514 -0.383979  0.650932 -0.654864  -0.02473075 -0.76397440 -0.53623228  0.35803136   0.08393434 -0.69070720 -0.61278732  0.37466023     0.00     0.00     0.00    -1.73    -2.67     2.05     0.00     0.00     0.00     0.00     3.37     2.67    -2.05     5.57     6.23
 53934    30.03  0  2013:048:23:37:41.248 2013:049:00:01:55.187 +-+-   59.545 -0.532950 -0.609245 -0.587184   0.08393434 -0.69070720 -0.61278732  0.37466023   0.01028938  0.52623786  0.84932381  0.04021083    -0.00     0.00    -0.00    11.62    10.04     6.96     0.00     0.00     0.00     0.00    12.21   -10.04    -6.96    19.99    11.13
 53933    17.54  0  2013:049:01:29:45.187 2013:049:01:59:52.136 -++-   86.021  0.876593  0.021752  0.480740   0.01028938  0.52623786  0.84932381  0.04021083  -0.19153453 -0.88987850 -0.31972214  0.26307513    -0.00    -0.00     0.00    -9.66    -0.08    -5.12     0.00     0.00     0.00     0.00     5.12     0.08     5.12    13.86    12.42
 15613    27.30  0  2013:049:02:40:37.970 2013:049:03:02:25.803 -+-+   48.546  0.258761  0.916744  0.304340  -0.19153453 -0.88987850 -0.31972214  0.26307513  -0.13745969 -0.72211298 -0.23606652  0.63555509     0.00    -0.00     0.00   -14.34     2.16    -5.89     0.00     0.00     0.00     0.00     6.27    -2.16     5.89     4.45    21.41
 14930    30.88  0  2013:049:07:50:15.802 2013:049:08:14:19.370 -+-+   58.768 -0.058363  0.691568  0.719949  -0.13745969 -0.72211298 -0.23606652  0.63555509  -0.31295820 -0.35823899 -0.04851012  0.87827602     0.00    -0.00     0.00   -11.69    11.82     3.32     0.00     0.00     0.00     0.00    12.28   -11.82    -3.32    19.05    17.14
 14594    31.22  0  2013:049:09:42:09.370 2013:049:10:24:53.384 ++++  142.801  0.418361 -0.007909 -0.908247  -0.31295820 -0.35823899 -0.04851012  0.87827602   0.55643916 -0.40947615 -0.62710987  0.35977486     0.00     0.00    -0.00    -4.71     0.56    10.59     0.00     0.00     0.00     0.00    10.61    -0.56   -10.59    16.30    20.62
